1,250844.8760,9133802.6720,157.6500
2,250855.8650,9133819.3820,157.6350
3,250866.8550,9133836.0920,157.4000
4,250877.8440,9133852.8030,157.1560
5,250885.0510,9133871.0830,156.9200
6,250889.1250,9133890.6640,156.6470
7,250893.1990,9133910.2440,156.2450
8,250896.1810,9133930.0020,155.9570
9,250898.4980,9133949.8670,155.4250
10,250900.8150,9133969.7330,154.8300
11,250902.9810,9133989.6150,154.2150
12,250905.0470,9134009.5080,153.6050
13,250907.1130,9134029.4010,152.9300
14,250909.3380,9134049.2760,152.3700
15,250911.6270,9134069.1450,152.0600
16,250913.9160,9134089.0130,151.8200
17,250915.0020,9134108.9760,151.6150
18,250915.8350,9134128.9590,151.6900
19,250916.6670,9134148.9410,151.8750
20,250917.0270,9134168.9370,152.1950
21,250917.3050,9134188.9350,152.5680
22,250917.5840,9134208.9330,153.2100
23,250918.7610,9134228.8940,153.9500
24,250920.1650,9134248.8440,154.5180
25,250921.5700,9134268.7950,154.6180
26,250921.9780,9134288.7840,154.3400
27,250922.1250,9134308.7840,153.8500
28,250922.2720,9134328.7830,153.2670
29,250922.4790,9134348.7820,152.3600
30,250922.6850,9134368.7810,151.4800
31,250922.8910,9134388.7800,150.8330
32,250923.4830,9134408.7710,150.1940
33,250924.0810,9134428.7620,149.5700
34,250924.6780,9134448.7530,148.8950
35,250926.4900,9134468.6620,147.8650
36,250928.6030,9134488.5500,147.0350
37,250930.7170,9134508.4380,146.3100
38,250939.2260,9134526.2190,145.5800
39,250949.3480,9134543.4680,144.7300
40,250959.4710,9134560.7170,143.5800
41,250969.3510,9134578.1020,142.6950
42,250978.7720,9134595.7440,141.4180
43,250988.1930,9134613.3860,140.3000
44,250997.6150,9134631.0280,139.3090
45,251007.8260,9134648.1340,138.1600
46,251020.7360,9134663.4090,137.1080
47,251033.6460,9134678.6840,136.5750
48,251044.7630,9134695.1090,136.2600
49,251053.2550,9134713.2170,135.8750
50,251058.5590,9134732.3570,135.3700
51,251062.2940,9134752.0050,135.0000
52,251066.0280,9134771.6530,134.8050
53,251069.7630,9134791.3010,134.5550
54,251070.4240,9134811.2300,134.3500
55,251065.7800,9134830.3990,134.1600
56,251058.7890,9134849.1380,133.7600
57,251051.7990,9134867.8760,133.4700
58,251043.4040,9134886.0200,132.9900
59,251034.8180,9134904.0830,132.3350
60,251025.1890,9134921.6100,131.3350
61,251015.4810,9134939.0960,130.2800
62,251005.7730,9134956.5820,128.9000
63,250996.0660,9134974.0680,128.0430
64,250986.3580,9134991.5540,127.6460
65,250976.6500,9135009.0400,127.2900
66,250966.9420,9135026.5250,126.9800
67,250957.2340,9135044.0110,126.6700
68,250947.3730,9135061.4090,126.5830
69,250937.1270,9135078.5850,126.4440
70,250926.8810,9135095.7610,126.4000
71,250916.6350,9135112.9370,126.1780
72,250906.3880,9135130.1130,126.2530
73,250896.1420,9135147.2890,126.4100
74,250885.8960,9135164.4650,126.5080
75,250875.6500,9135181.6420,126.5700
76,250865.4040,9135198.8180,126.5920
77,250855.1580,9135215.9940,126.5050
78,250845.5600,9135233.5390,126.3000
79,250836.0310,9135251.1220,125.8800
80,250854.9640,9135254.6360,125.5290
81,250872.5420,9135264.1680,125.4300
82,250890.5200,9135272.9310,125.6700
83,250908.4980,9135281.6940,125.9370
84,250926.3600,9135290.6830,125.5700
85,250944.0130,9135300.0850,125.4250
86,250961.8530,9135309.1110,125.2400
87,250979.9560,9135317.6130,124.9000
88,329.6015,1582.8514,126.1783
89,258.5273,1703.4529,126.3000
90,319.3554,1600.0275,126.2525
91,309.1093,1617.2036,126.4100
92,298.8632,1634.3796,126.5075
93,288.6170,1651.5557,126.5700
94,278.3709,1668.7318,126.5920
95,268.1248,1685.9078,126.5050
96,248.9977,1721.0366,125.8800
97,324.5936,539.0589,152.0595
98,326.8826,558.9275,151.8200
99,327.9693,578.8902,151.6150
100,328.8016,598.8729,151.6900
101,329.6338,618.8556,151.8750
102,329.9939,638.8514,152.1950
103,330.2723,658.8494,152.5675
104,330.5508,678.8475,153.2100
105,331.7279,698.8077,153.9500
106,333.1323,718.7583,154.5175
107,334.5367,738.7090,154.6175
108,334.9453,758.6983,154.3400
109,335.0915,778.6977,153.8500
110,335.2394,798.6972,153.2667
111,335.4456,818.6961,152.3600
112,335.6518,838.6950,151.4800
113,335.8581,858.6940,150.8325
114,336.4504,878.6852,150.1940
115,337.0477,898.6762,149.5700
116,337.6450,918.6673,148.8950
117,339.4566,938.5758,147.8650
118,341.5704,958.4638,147.0350
119,343.6843,978.3518,146.3100
120,382.3182,1048.0159,142.6950
121,391.7393,1065.6580,141.4175
122,401.1604,1083.3001,140.3000
123,410.5815,1100.9421,139.3086
124,420.7933,1118.0478,138.1600
125,433.7032,1133.3231,137.1075
126,352.1926,996.1328,145.5800
127,446.6131,1148.5984,136.5750
128,362.3152,1013.3820,144.7300
129,457.7300,1165.0232,136.2600
130,372.4378,1030.6311,143.5800
131,466.2224,1183.1307,135.8750
132,471.5258,1202.2709,135.3700
133,475.2606,1221.9191,135.0000
134,478.9955,1241.5672,134.8050
135,482.7303,1261.2154,134.5550
136,483.3912,1281.1445,134.3500
137,478.7469,1300.3132,134.1600
138,471.7563,1319.0517,133.7600
139,464.7657,1337.7902,133.4700
140,456.3710,1355.9344,132.9900
141,447.7846,1373.9974,132.3350
142,438.1562,1391.5243,131.3350
143,428.4483,1409.0102,130.2800
144,418.7404,1426.4960,128.9000
145,409.0325,1443.9819,128.0425
146,399.3246,1461.4678,127.6460
147,315.9477,459.5287,154.2150
148,318.0139,479.4217,153.6050
149,320.0801,499.3147,152.9300
150,322.3045,519.1903,152.3700
151,257.8427,272.5862,157.6500
152,268.8323,289.2964,157.6350
153,279.8218,306.0066,157.4000
154,290.8113,322.7168,157.1560
155,298.0182,340.9970,156.9200
156,302.0920,360.5777,156.6467
157,306.1658,380.1585,156.2450
158,309.1479,399.9160,155.9567
159,311.4650,419.7814,155.4250
160,313.7820,439.6467,154.8300
161,389.6167,1478.9537,127.2900
162,350.0937,1548.4993,126.4440
163,339.8476,1565.6754,126.4000
164,379.9088,1496.4396,126.9800
165,370.2009,1513.9255,126.6700
166,360.3398,1531.3233,126.5825
